33.8472769862495
--------------------------------
433.73663849312476
434.40117597579956


-91.265


9.542


434.23499999999996


171.5598931593297


1.6700000854678103


2.53900517334273


--------------------------------
433.85824576678675
--------------------------------
434.04662288339335
434.66311025619507


-91.50999999999999


9.618


435.074


170.8643796918204


0.007505747116213785


2.33508949405567


--------------------------------
433.81202602405784
--------------------------------
434.4430130120289
435.1155858039856


-91.19


9.532


433.873


171.31678716685568


1.8304282681044413


2.5310410599904114


--------------------------------
433.74641322128184
--------------------------------
433.8097066106409
435.4141969680786


-91.262


9.542


434.224


171.6764900706388


1.6653018315477377


2.5183786927180205


--------------------------------
433.7462701805412
--------------------------------
433.9851350902706
435.70940709114075


-91.262


9.542


434.224


171.6764900706388


1.6653018315477377


2.5183786927180205


--------------------------------
433.688373550359
--------------------------------
433.9561867751795
436.3267569541931


-91.015


9.463


433.264


172.28554420686288


3.6576479725561497


2.72470079474463


--------------------------------
433.6766520619859
--------------------------------
433.47032603099296
436.5917284488678


-90.84


9.395000000000001


432.65500000000003


173.2542439510906


5.484867677007857


2.918360529498848


--------------------------------
433.7238609924082
--------------------------------
433.1894304962041
436.95684790611267


-90.84


9.395000000000001


432.65500000000003


173.2542439510906


5.484867677007857


2.918360529498848


--------------------------------
433.7315727051836
--------------------------------
433.1932863525918
437.2869646549225


-90.77000000000001


9.386999999999999


432.425


172.98100037859268


5.320199606687258


2.928673769811203


--------------------------------
433.74247015807714
--------------------------------
433.08373507903855
437.6140913963318


-91.015


9.463


433.264


172.28554420686288


3.6576479725561497


2.72470079474463


--------------------------------
433.7818015490972
--------------------------------
433.5229007745486
437.9462032318115


-91.087


9.469999999999999


433.50100000000003


172.53902073542878


3.8027781820627866


2.7160491320381546


--------------------------------
433.79356643665596
--------------------------------
433.64728321832797
438.2753224372864


-91.014


9.459999999999999


433.15


172.17931783164565


3.9679046186194897


2.7286542035310326


--------------------------------
433.7787382512372
--------------------------------
433.4643691256186
438.60344648361206


-91.335


9.546000000000001


434.351


171.72691035661032


2.1449248018517495


2.532702637596291


--------------------------------
433.77931061914245
--------------------------------
434.0651553095712
439.2207953929901


-91.405


9.553


434.581


172.00015392910822


2.3095928721723484


2.5224466930634493


--------------------------------
433.7220666095183
--------------------------------
434.15153330475914
439.57592010498047


-91.23


9.485000000000001


433.97200000000004


172.96885367333593


4.136812576624057


2.7161637235971803


--------------------------------
433.6801862555948
--------------------------------
433.82609312779744
439.8521807193756


-91.161


9.481


433.856


172.80183647605526


3.661887860240117


2.7224662593436197


--------------------------------
433.66947167375025
--------------------------------
433.7627358368751
440.1633484363556


-91.163


9.484


433.977


172.8882958073405


3.3320933533628154


2.7200598366040705


--------------------------------
433.67452290622174
--------------------------------
433.8257614531109
440.44260263442993


-90.772


9.391


432.547


173.06745970987794


4.990405099809957


2.9262673470716534


--------------------------------
433.72204394552693
--------------------------------
433.1345219727635
440.7258448600769


-90.702


9.383000000000001


432.318


172.79421613738003


4.825679733709845


2.9365805873840083


--------------------------------
433.76661430985547
--------------------------------
433.0423071549277
441.0140743255615


-90.702


9.383000000000001


432.318


172.79421613738003


4.825679733709845


2.9365805873840083


--------------------------------
433.7770586139564
--------------------------------
433.04752930697816
441.3102822303772


-90.772


9.386999999999999


432.43399999999997


172.96123333466068


5.300604450093785


2.930220755858056


--------------------------------
433.7659935688836
--------------------------------
433.09999678444177
441.5805594921112


-90.84100000000001


9.391


432.55


173.12830782772082


5.775529166477725


2.923918220111617


--------------------------------
433.75492469443617
--------------------------------
433.1524623472181
441.8857424259186


-90.911


9.399


432.779


173.40155140021872


5.940197236798324


2.9136622755787753


--------------------------------
433.74379116822615
--------------------------------
433.2613955841131
442.28567361831665


-91.30199999999999


9.492


434.209


173.2223874976813


4.281942786130694


2.707454765111192


--------------------------------
433.74379116822615
--------------------------------
433.9763955841131
442.56393003463745


-91.62299999999999


9.578


435.41


172.769980022646


2.458962969362954


2.5115604949559636


--------------------------------
433.74379116822615
--------------------------------
434.5768955841131
442.8481695652008


-91.97800000000001


9.669


436.76599999999996


172.49094957641728


0.785124066667767


2.3200779998232424


--------------------------------
433.74379116822615
--------------------------------
435.25489558411306
443.1334068775177


-92.153


9.741


437.488


171.62841891162734


-1.352294988067769


2.1224075605031083


--------------------------------
433.7656364348986
--------------------------------
435.62681821744934
443.41864466667175


-92.153


9.741


437.488


171.62841891162734


-1.352294988067769


2.1224075605031083


--------------------------------
433.74017753084826
--------------------------------
435.6140887654241
443.7278175354004


-91.833


9.655000000000001


436.287


172.08082638666264


0.4706848286999713


2.31835912643785


--------------------------------
433.7315220990737
--------------------------------
435.0092610495368
444.03599405288696


-91.511


9.565000000000001


434.973


172.42700748648068


2.603863995751539


2.5182641011589944


--------------------------------
433.7315220990737
--------------------------------
434.3522610495369
444.4209659099579


-91.47800000000001


9.564


434.93199999999996


172.35985683289135


2.1444664356156453


2.509841621570571


--------------------------------
433.6949662220489
--------------------------------
434.3134831110244
444.75207924842834


-91.303


9.495


434.32300000000004


173.32855657711906


3.9716861400673538


2.7035013563247894


--------------------------------
433.6949662220489
--------------------------------
434.00898311102446
445.04031348228455


-91.30199999999999


9.492


434.209


173.2223874976813


4.281942786130694


2.707454765111192


--------------------------------
433.684979545732
--------------------------------
433.946989772866
445.4701600074768


-91.62299999999999


9.578


435.41


172.769980022646


2.458962969362954


2.5115604949559636


--------------------------------
433.6112770408542
--------------------------------
434.5106385204271
445.80127334594727


-91.624


9.582


435.52299999999997


172.87614910208373


2.148706323299613


2.5075497903900477


--------------------------------
433.65065942865937
--------------------------------
434.58682971432967
446.08697533607483


-91.303


9.495


434.32300000000004


173.32855657711906


3.9716861400673538


2.7035013563247894


--------------------------------
433.6952107067505
--------------------------------
434.0091053533753
446.3343119621277


-91.30199999999999


9.492


434.209


173.2223874976813


4.281942786130694


2.707454765111192


--------------------------------
433.63792411925067
--------------------------------
433.9234620596253
446.7941246032715


-91.303


9.495


434.32300000000004


173.32855657711906


3.9716861400673538


2.7035013563247894


--------------------------------
433.68247688506585
--------------------------------
434.002738442533
447.05009174346924


-90.982


9.409


433.122


173.78096405215433


5.794665956835094


2.8994529222595307


--------------------------------
433.72520893853056
--------------------------------
433.4236044692653
447.32539081573486


-90.912


9.402000000000001


432.892


173.50772047965643


5.629997886514495


2.9097088667923727


--------------------------------
433.68351699818993
--------------------------------
433.28775849909493
447.61390447616577


-90.912


9.402000000000001


432.892


173.50772047965643


5.629997886514495


2.9097088667923727


--------------------------------
433.6962509771856
--------------------------------
433.29412548859284

447.97793221473694


-90.84299999999999


9.398


432.776


173.3407032823758


5.155073170130556


2.9160114025388117


--------------------------------
433.75361157341365
--------------------------------
433.2648057867068
448.3110406398773


-90.772


9.391


432.547


173.06745970987794


4.990405099809957


2.9262673470716534


--------------------------------
433.75361157341365
--------------------------------
433.15030578670684
448.61429166793823


-91.127


9.478


433.789


172.68226018421146


3.6268228431781107


2.7387955565048485


--------------------------------
433.7932617230792
--------------------------------
433.7911308615396
448.93749737739563


-91.127


9.478


433.789


172.68226018421146


3.6268228431781107


2.7387955565048485


--------------------------------
433.79830586435236
--------------------------------
433.7936529321762
449.17984771728516


-91.127


9.478


433.789


172.68226018421146


3.6268228431781107


2.7387955565048485


--------------------------------
433.7492264380987
--------------------------------
433.76911321904936
449.4624342918396


-91.197


9.485999999999999


434.019


172.95550375670936


3.7914909134987096


2.728482316192493


--------------------------------
433.7364939338817
--------------------------------
433.8777469669409
449.75651359558105


-91.197


9.485999999999999


434.019


172.95550375670936


3.7914909134987096


2.728482316192493


--------------------------------
433.69123992173115
--------------------------------
433.8551199608656
450.0517246723175


-91.017


9.467


433.38500000000005


172.37200353814814


3.3278534656788477


2.7223516677845936


--------------------------------
433.6565493849586
--------------------------------
433.52077469247934
450.53393936157227


-91.08800000000001


9.474


433.61499999999995


172.645247110646


3.492521535999446


2.712095723251752


--------------------------------
433.69319292033003
-----------------