--------------------------------
422.06741105489186
642.2510368824005


-92.484


9.155


421.00300000000004


173.75661334586127


6.140503281976059


2.8141968023440644


--------------------------------
423.18849151480146
--------------------------------
422.0957457574008
642.5422575473785


-92.431


9.15


420.859


173.5115592968838


5.953833632322437


2.8246819299949584


--------------------------------
423.23642820475794
--------------------------------
422.04771410237896
642.8205139636993


-92.499


9.157


421.072


173.75311830331097


6.098047109356864


2.8158010841704306


--------------------------------
423.2510414587068
--------------------------------
422.1615207293534
643.2294204235077


-92.499


9.157


421.072


173.75311830331097


6.098047109356864


2.8158010841704306


--------------------------------
423.2502466232165
--------------------------------
422.16112331160826
643.5096709728241


-92.556


9.162


421.234


173.98339004117406


6.261855742984767


2.8065191678893116


--------------------------------
423.2514243968931
--------------------------------
422.24271219844655
643.9604654312134


-92.556


9.162


421.234


173.98339004117406


6.261855742984767


2.8065191678893116


--------------------------------
423.308602303006
--------------------------------
422.271301151503
644.6855270862579


-92.556


9.159


421.13


173.87773662375193


6.557616556831298


2.8105871682347403


--------------------------------
423.27031059709606
--------------------------------
422.200155298548
645.2560017108917


-92.613


9.165


421.292


174.10800836161502


6.7213678946796875


2.801305251953621


--------------------------------
423.3142201419058
--------------------------------
422.3031100709529
645.5701613426208


-92.613


9.165


421.292


174.10800836161502


6.7213678946796875


2.801305251953621


--------------------------------
423.34768913838343
--------------------------------
422.3198445691917
645.8873131275177


-92.556


9.159


421.13


173.87773662375193


6.557616556831298


2.8105871682347403


--------------------------------
423.3463005993672
--------------------------------
422.23815029968364
646.2313940525055


-92.55499999999999


9.155999999999999


421.026


173.7720832063298


6.853377370677829


2.814655168580169


--------------------------------
423.2887243770132
--------------------------------
422.15736218850657
646.5525343418121


-92.55499999999999


9.155999999999999


421.026


173.7720832063298


6.853377370677829


2.814655168580169


--------------------------------
423.3284020125888
--------------------------------
422.1772010062944
646.892626285553


-92.55499999999999


9.155999999999999


421.026


173.7720832063298


6.853377370677829


2.814655168580169


--------------------------------
423.2708402956356
--------------------------------
422.1484201478178
647.2257339954376


-92.55499999999999


9.155999999999999


421.026


173.7720832063298


6.853377370677829


2.814655168580169


--------------------------------
423.23722094218846
--------------------------------
422.13161047109423
647.5269293785095


-92.55499999999999


9.155999999999999


421.026


173.7720832063298


6.853377370677829


2.814655168580169


--------------------------------
423.20236536104625
--------------------------------
422.11418268052313
647.8341083526611


-92.55499999999999


9.155999999999999


421.026


173.7720832063298


6.853377370677829


2.814655168580169


--------------------------------
423.2112225012857
--------------------------------
422.11861125064286
648.1432814598083


-92.612


9.161000000000001


421.188


174.0023549441929


7.0171860043057315


2.8053732522990495


--------------------------------
423.2098375923993
--------------------------------
422.1989187961997
648.483371257782


-92.917


9.245


422.36600000000004


173.5775640348829


5.233052726047861


2.6319389277129495


--------------------------------
423.2098375923993
--------------------------------
422.7879187961997
648.8045134544373


-92.917


9.245


422.36600000000004


173.5775640348829


5.233052726047861


2.6319389277129495


--------------------------------
423.2098375923993
--------------------------------
422.7879187961997
649.0997235774994


-92.97500000000001


9.251000000000001


422.528


173.807835772746


5.396861359675763


2.6226570114318304


--------------------------------
423.2456959689705
--------------------------------
422.88684798448526
649.4088966846466


-92.97500000000001


9.251000000000001


422.528


173.807835772746


5.396861359675763


2.6226570114318304


--------------------------------
423.2009790746289
--------------------------------
422.86448953731445
649.7210626602173


-92.971


9.254


422.615


173.92827150128247


5.124018857634465


2.6173857997166268


--------------------------------
423.16613067432314
--------------------------------
422.89056533716155
650.0252487659454


-92.609


9.164


421.27500000000003


174.1227906727294


6.744343502264433


2.800102040583846


--------------------------------
423.13129354215545
--------------------------------
422.20314677107774
650.3483853340149


-92.609


9.164


421.27500000000003


174.1227906727294


6.744343502264433


2.800102040583846


--------------------------------
423.09547087263917
--------------------------------
422.1852354363196
650.6668109893799


-92.609


9.164


421.27500000000003


174.1227906727294


6.744343502264433


2.800102040583846


--------------------------------
423.0606658015831
--------------------------------
422.1678329007916
650.9579334259033


-92.609


9.164


421.27500000000003


174.1227906727294


6.744343502264433


2.800102040583846


--------------------------------
423.10533545887006
--------------------------------
422.1901677294351
651.2331972122192


-92.55499999999999


9.155999999999999


421.026


173.7720832063298


6.853377370677829


2.814655168580169


--------------------------------
423.10533545887006
--------------------------------
422.06566772943506
651.5272481441498


-92.55499999999999


9.155999999999999


421.026


173.7720832063298


6.853377370677829


2.814655168580169


--------------------------------
423.14563590320756
--------------------------------
422.08581795160376
651.8755753040314


-92.55499999999999


9.155999999999999


421.026


173.7720832063298


6.853377370677829


2.814655168580169


--------------------------------
423.18066885798464
--------------------------------
422.1033344289923
652.2336783409119


-92.49799999999999


9.153


420.968


173.64746488588887


6.393865218982909


2.8198117887363465


--------------------------------
423.1676511736133
--------------------------------
422.06782558680663
652.5089423656464


-92.556


9.159


421.13


173.87773662375193


6.557616556831298


2.8105871682347403


--------------------------------
423.1587931312047
--------------------------------
422.14439656560234
652.9380638599396


-92.556


9.159


421.13


173.87773662375193


6.557616556831298


2.8105871682347403


--------------------------------
423.19285004822854
--------------------------------
422.16142502411424
653.2500188350677


-92.556


9.159


421.13


173.87773662375193


6.557616556831298


2.8105871682347403


--------------------------------
423.14900360350913
--------------------------------
422.1395018017546
653.6225936412811


-92.613


9.165


421.292


174.10800836161502


6.7213678946796875


2.801305251953621


--------------------------------
423.16348795842964
--------------------------------
422.2277439792148
653.9407422542572


-92.669


9.167


421.35


174.23262668205595


7.18093734215412


2.7961486317974433


--------------------------------
423.17521049673155
--------------------------------
422.2626052483658
654.220052242279


-92.612


9.161000000000001


421.188


174.0023549441929


7.0171860043057315


2.8053732522990495


--------------------------------
423.18174241226615
--------------------------------
422.18487120613304
654.5073294639587


-92.613


9.165


421.292


174.10800836161502


6.7213678946796875


2.801305251953621


--------------------------------
423.1466875556952
--------------------------------
422.2193437778476
654.8038332462311


-92.613


9.165


421.292


174.10800836161502


6.7213678946796875


2.801305251953621


--------------------------------
423.1896375295445
--------------------------------
422.24081876477226
655.1309645175934


-92.556


9.162


421.234


173.98339004117406


6.261855742984767


2.8065191678893116


--------------------------------
423.1725588108067
--------------------------------
422.20327940540335
655.4271671772003


-92.499


9.157


421.072


173.75311830331097


6.098047109356864


2.8158010841704306


--------------------------------
423.1739307199696
--------------------------------
422.1229653599848
655.7532947063446


-92.499


9.157


421.072


173.75311830331097


6.098047109356864


2.8158010841704306


--------------------------------
423.1772654035541
--------------------------------
422.12463270177705
656.245977640152


-92.49799999999999


9.153


420.968


173.64746488588887


6.393865218982909


2.8198117887363465


--------------------------------
423.21231861505174
--------------------------------
422.0901593075259
656.5481684207916


-92.49799999999999


9.153


420.968


173.64746488588887


6.393865218982909


2.8198117887363465


--------------------------------
423.1683560411527
--------------------------------
422.0681780205764
656.826425075531


-92.49799999999999


9.15


420.865


173.54186876424626


6.689626032829439


2.8238797890817757


--------------------------------
423.18641514086187
--------------------------------
422.02570757043094
657.2842018604279


-92.49799999999999


9.15


420.865


173.54186876424626


6.689626032829439


2.8238797890817757


--------------------------------
423.22127260238335
--------------------------------
422.0431363011917
657.7285940647125


-92.55499999999999


9.155999999999999


421.026


173.7720832063298


6.853377370677829


2.814655168580169


--------------------------------
423.21240541589293
--------------------------------
422.11920270794644
658.07470870018


-92.556


9.159


421.13


173.87773662375193


6.557616556831298


2.8105871682347403


--------------------------------
423.1773722464722
--------------------------------
422.15368612323607
658.3330178260803


-92.613


9.165


421.292


174.10800836161502


6.7213678946796875


2.801305251953621


--------------------------------
423.21665704923447
--------------------------------
422.2543285246172
658.5903387069702


-92.613


9.165


421.292


174.10800836161502


6.7213678946796875


2.801305251953621


--------------------------------
423.2009790746289
--------------------------------
422.24648953731446
659.10107588768


-92.613


9.165


421.292


174.10800836161502


6.7213678946796875


2.801305251953621


--------------------------------
423.1905488719598
--------------------------------
422.2412744359799
659.3494892120361


-92.556


9.159


421.13


173.87773662375193


6.557616556831298


2.8105871682347403


--------------------------------
423.1905488719598
--------------------------------
422.1602744359799
659.8191471099854


-92.612


9.161000000000001


421.188


174.0023549441929


7.0171860043057315


2.8053732522990495


--------------------------------
423.225404170021
--------------------------------
422.20670208501053
660.1114635467529


-92.556


9.159


421.13


173.87773662375193


6.557616556831298


2.8105871682347403


--------------------------------
423.225612438569
--------------------------------
422.1778062192845
660.4226310253143


-92.556


9.162


421.234


173.98339004117406


6.261855742984767


2.8065191678893116


--------------------------------
423.225612438569
--------------------------------
422.22980621928446
660.7851214408875


-92.61


9.171000000000001


421.482


174.33404021179413


6.152821874571371


2.7920233356725017


--------------------------------
423.2011853778837
--------------------------------
422.3415926